1
aleje_10_12_2015_3/
720
576
0
10000
4
Lewy
13
1
330 450 490 450
3
380 350 	390 470 	470 350 	495 470 	200 1500
370 240 	380 350 	445 240 	470 350 	200 1500
360 140		370 240 	425 140		445 240 	050 1500
395 226 	330 450 	490 226 	490 450 	200 4000
Srodek
14
1
170 450 330 450
3
285 350		280 470 	375 350 	385 470 	200 1500
290 240		285 350 	370 240 	375 350 	200 1500
296 140 	290 240 	360 140		370 240 	50  1500
285 226		170 450 	330 226 	330 450 	200 600
Prawy
15
1
1 450 161 450
3
195 350		170 470 	280 350 	275 470 	200 1500
215 240		195 350 	285 240 	280 350 	200 1500
230 140 	215 240 	295 140		285 240 	50  1500
285 226		170 450 	330 226 	330 450 	200 600
BUS
15
1
1 450 161 450
3
105 350		065 470 	190 350 	170 470 	200 1500
135 240		105 350 	210 240 	190 350 	200 2000
170 140 	135 240 	230 140		210 240 	50  1500
285 226		170 450 	330 226 	330 450 	2000 600