1
aleje_10_12_2015_3/
720
576
0
10000
1
Lewy
13
1
330 450 490 450 
3
345 370 	295 565 	480 370 	465 565 	200 4000
395 200 	345 370 	495 200 	480 370 	200 4000
420 85		395 200 	515 85		495 200 	50 2000
395 226 	330 450 	490 226 	490 450 	200 4000
Srodek
14
1
170 450 330 450 
3
210 370		130 565 	335 370 	285 565 	200 4000
285 200		210 370 	385 200 	335 370 	200 4000
335 085 	285 200 	420 085		385 200 	50 2000
285 226		170 450 	330 226 	330 450 	200 600
Prawy
15
1
1 450 161 450
3
020 370		1 565 		200 370 	115 565 	200 4000
130 200		020 370 	270 200 	200 370 	200 4000
205 085 	130 200 	320 085		270 200 	50 2000
145 226		1  450 		160 226 	160 450 	200 800
