3
combi
sedan
minibus
minibus
900
-0.000823
0.001491
-0.000063
0.000093
0.000269
0.000011
0.000092
0.000402
0.000153
0.000075
-0.000689
0.000210
-0.000042
0.000086
-0.000478
-0.000826
-0.000805
0.000214
0.000250
-0.000161
-0.000410
-0.000352
0.000092
0.000125
-0.000036
0.000154
-0.000160
0.000764
0.000227
0.000138
0.001429
0.000949
0.000042
0.000011
-0.000118
0.000046
-0.000112
0.000442
0.000068
-0.000025
-0.000836
0.000144
0.000025
0.000046
-0.000191
-0.000218
-0.000793
0.000019
0.000125
-0.000861
0.001322
-0.000524
-0.000203
0.000001
-0.000087
-0.000132
0.000058
-0.000510
-0.000153
0.000036
-0.001168
-0.001562
-0.000074
-0.000023
-0.000083
-0.000110
-0.000138
0.000598
-0.000087
0.000055
-0.001650
0.001292
-0.000022
-0.000128
0.000978
0.000786
-0.000087
0.000037
0.000097
-0.000259
0.001738
0.000685
-0.000035
-0.000070
0.000175
0.000539
-0.000455
-0.000508
-0.000321
-0.000199
0.000065
0.000643
-0.000003
0.000118
-0.000139
0.000012
-0.000374
0.000083
-0.000057
0.000270
-0.001282
-0.000766
-0.000124
-0.000275
-0.000100
-0.002118
-0.000780
-0.000168
-0.000144
-0.000053
0.002492
0.000039
-0.000201
-0.000128
-0.000116
-0.000022
0.001955
0.001502
-0.000179
-0.000149
-0.000140
0.000098
-0.000016
0.000002
0.000047
0.000108
-0.000131
-0.000111
-0.000059
0.000338
0.000408
0.000101
-0.000002
0.000029
-0.000242
0.000475
0.000631
0.000092
0.000153
0.000020
0.000001
0.000482
0.000019
0.000092
-0.000028
0.000248
-0.001644
-0.001634
0.000494
0.000171
-0.000971
0.000352
-0.000053
-0.000007
-0.000034
-0.000028
-0.000032
-0.000127
-0.000039
-0.000395
-0.000495
-0.000530
-0.000023
-0.000303
0.000197
0.002374
0.000304
-0.000007
-0.000021
-0.000010
0.000939
0.000883
-0.000392
0.000039
-0.000077
-0.000302
-0.001289
0.000290
-0.000272
0.000029
0.001679
-0.000048
-0.000011
-0.000088
-0.000073
-0.000013
0.000049
-0.000433
0.000020
0.000223
-0.000039
-0.000170
0.000022
0.000038
-0.000918
-0.001373
-0.000532
-0.000024
-0.000057
0.000429
0.001754
0.000168
0.000011
0.000021
0.000096
-0.000579
-0.001430
0.001077
0.000237
-0.000036
0.000265
-0.000462
0.000007
0.000052
0.000165
0.000076
0.000019
-0.000426
0.000035
0.000094
0.001058
0.000908
-0.000018
0.000115
-0.000177
-0.003505
-0.000915
0.000043
0.000167
0.000960
0.001221
-0.000410
0.000303
0.000071
-0.000045
0.000356
-0.000763
0.000346
0.000359
0.000100
-0.000079
0.000145
-0.000015
-0.000009
0.000056
-0.000036
0.000035
-0.000209
0.000104
0.000052
0.000113
0.000158
-0.000023
-0.000202
-0.000213
-0.000962
0.000123
0.000020
-0.000090
0.001578
-0.001657
-0.000404
0.000003
-0.000126
-0.000016
0.000364
-0.000280
0.001532
0.000073
-0.000037
-0.000414
0.000653
-0.000018
-0.000002
0.000075
-0.000110
0.000266
0.000703
0.000020
0.000146
-0.000007
0.000608
0.000024
-0.000035
0.000048
0.000046
0.000688
0.000100
0.000078
-0.000465
-0.002740
-0.000704
0.000011
-0.000011
0.000055
0.000311
0.000708
-0.000122
-0.000037
0.000127
-0.000450
0.000326
-0.000068
0.000101
0.000042
0.000023
-0.000145
-0.000299
0.000024
-0.000046
-0.000026
0.000480
-0.000033
0.000384
0.000969
0.000819
-0.000011
0.000068
-0.000099
-0.000218
-0.000334
0.000301
0.000212
0.000045
-0.000184
0.000217
-0.001763
-0.001011
0.000613
0.000061
0.002049
0.000104
-0.000056
0.000087
0.000030
0.000024
-0.000085
0.000238
0.000093
0.000158
-0.000626
-0.000372
-0.000089
0.000251
0.000519
-0.001096
-0.001138
0.000100
0.000082
0.000423
0.000367
-0.000317
0.000157
0.000051
0.000245
-0.000424
-0.002157
0.001107
0.000238
0.000038
0.001658
-0.000200
-0.000073
-0.000072
0.000053
0.000034
-0.000011
0.000812
-0.000139
-0.000013
-0.000749
0.002086
-0.000130
-0.000074
-0.000251
-0.001118
0.000331
-0.000110
-0.000138
0.000388
-0.002257
-0.000851
-0.000081
-0.000023
-0.000106
-0.000350
0.000599
0.001062
-0.000152
-0.000126
-0.000151
0.000099
-0.000005
0.000022
-0.000167
-0.000001
-0.000227
-0.000133
0.000049
0.000058
0.000171
0.000436
-0.000000
0.000080
0.000245
-0.000466
0.000375
-0.000009
-0.000020
0.000201
0.000741
-0.000090
0.000009
-0.000038
-0.000070
0.000262
-0.001503
0.000142
-0.000038
0.000028
0.001038
0.000180
-0.000024
0.000042
0.000244
0.000013
0.000166
0.000133
0.000082
-0.000156
-0.000357
0.000054
0.000002
-0.000042
-0.000532
0.000012
-0.000353
0.000055
-0.000172
0.000039
0.000562
-0.000188
0.000008
0.000004
0.000072
0.000124
-0.000548
-0.000357
-0.000002
-0.000096
0.001552
0.000874
0.000048
0.000002
-0.000133
0.000005
0.000060
-0.000068
0.000028
0.000012
0.000399
0.000035
-0.000039
0.000006
0.000776
0.000100
0.000248
-0.000057
-0.000036
-0.000885
0.000731
0.000268
0.000077
0.000133
0.000083
-0.000631
-0.002984
-0.000609
0.000043
-0.000040
0.000459
-0.000577
-0.000038
-0.000140
-0.000115
0.000053
-0.000308
-0.000246
-0.000059
0.000030
0.000181
-0.000597
-0.000036
-0.000103
0.000405
0.001770
0.001425
-0.000022
0.000074
0.000299
-0.000459
0.000101
-0.000199
0.000010
-0.000026
0.000202
0.000108
-0.001909
-0.000194
-0.000091
0.001306
-0.000590
-0.000030
-0.000005
0.000010
-0.000028
0.000003
0.000478
0.000056
-0.000009
-0.000964
0.000611
0.000027
-0.000095
-0.000100
0.000582
-0.000690
-0.000023
-0.000074
0.000666
0.000204
0.000144
-0.000113
-0.000053
-0.000140
0.000575
-0.001102
-0.000655
-0.000012
0.000022
-0.000500
0.000214
0.000020
0.000074
0.000336
-0.000112
-0.000115
0.000215
-0.000086
-0.000067
0.000482
-0.000142
-0.000003
-0.000032
0.000390
0.000746
0.000641
0.000037
0.000045
-0.000775
0.000317
0.000290
-0.000113
0.000128
-0.000092
-0.000301
-0.000544
-0.000962
-0.000044
-0.000047
0.001862
0.000174
-0.000009
-0.000065
-0.000027
-0.000111
-0.000195
0.000186
0.000013
-0.000115
0.000034
0.000288
-0.000034
-0.000089
0.000128
0.000074
-0.000134
-0.000104
-0.000176
-0.000831
0.000469
0.000219
-0.000045
-0.000076
-0.000080
-0.000213
0.000858
-0.001986
-0.000055
0.000040
-0.001056
-0.000175
-0.000003
-0.000001
0.000135
0.000023
0.000128
-0.000026
0.000038
-0.000080
0.000097
0.000032
-0.000062
0.000143
0.000252
0.000666
0.000187
0.000046
0.000037
-0.000400
-0.001172
0.000279
0.000245
-0.000050
-0.000010
0.000018
0.000951
-0.000534
0.000215
0.000078
-0.000131
0.000849
0.000030
0.000063
-0.000054
0.000042
0.000007
-0.000158
-0.000023
0.000128
0.001216
-0.000119
0.000073
0.000145
0.000017
-0.000888
-0.000453
0.000054
-0.000122
0.000382
0.002068
-0.000681
0.000234
0.000004
-0.000146
-0.000564
-0.001393
-0.000661
0.000171
-0.000091
0.000973
-0.000671
-0.000099
-0.000108
0.000044
0.000013
-0.000005
-0.000111
-0.000022
0.000005
-0.000426
-0.000165
-0.000045
-0.000043
0.000483
-0.000242
0.000060
-0.000108
-0.000156
-0.000378
0.000438
-0.000053
-0.000104
-0.000184
-0.000134
-0.000107
0.000106
0.001089
-0.000058
0.000009
-0.000924
0.000643
0.000010
0.000082
0.000044
0.000077
0.000178
0.000042
0.000101
0.000094
0.000234
0.000359
0.000024
0.000021
-0.000483
-0.000461
0.000116
0.000074
0.000138
0.001124
-0.001408
-0.000411
0.000246
0.000092
0.000115
0.000109
0.000178
-0.000807
0.000224
0.000171
-0.000240
0.000327
-0.000002
-0.000005
0.000108
-0.000035
-0.000184
-0.000232
0.000106
0.000070
-0.000703
-0.000098
0.000004
0.000041
0.000285
0.000681
-0.000383
-0.000021
-0.000037
-0.000291
-0.000015
-0.000080
0.000104
-0.000080
-0.000059
-0.000120
0.001458
-0.000587
-0.000013
0.000001
-0.000347
-0.000014
0.000015
0.000013
0.000005
0.000006
-0.000039
0.000048
0.000026
-0.000057
0.000142
-0.001413
0.000006
-0.000017
0.000007
-0.000049
0.000272
0.000090
0.000143
-0.000121
-0.000306
0.000358
0.000221
-0.000057
0.000012
0.000035
0.001427
-0.000569
0.000168
-0.000006
-0.000119
0.000478
0.000011
-0.000007
-0.000078
-0.000059
0.000095
0.000129
-0.000021
-0.000118
0.000585
0.001380
0.000011
-0.000074
0.000091
-0.000881
0.001413
-0.000103
-0.000086
-0.000290
-0.001527
-0.000609
-0.000131
0.000006
-0.000181
0.000009
0.001043
-0.000782
-0.000127
-0.000060
0.001127
0.000356
-0.000042
-0.000050
-0.000001
-0.000056
0.000033
0.000629
0.000062
0.000050
0.001163
-0.000635
-0.000035
-0.000081
-0.000063
0.000213
-0.001060
-0.000097
-0.000374
0.000092
-0.000183
-0.000910
-0.000111
-0.000100
-0.000216
-0.000063
0.000605
-0.000157
-0.000052
-0.000044
0.001053
-0.000114
-0.000066
0.000001
0.000063
-0.000071
-0.000225
-0.000207
-0.000031
-0.000017
0.000205
-0.000252
0.000010
0.000033
0.000597
0.000686
-0.000758
-0.000071
0.000081
-0.000357
0.000636
0.000036
-0.000394
-0.000095
0.000047
-0.000163
0.000677
-0.001066
-0.000221
-0.000017
-0.001041
-0.000047
0.000018
0.000027
0.000038
-0.000015
-0.000169
-0.000031
-0.000115
-0.000157
-0.000058
-0.000356
-0.000024
-0.000246
0.000466
0.000504
-0.000253
-0.000028
0.000089
-0.000976
0.002519
0.000206
-0.000062
-0.000102
0.000199
-0.000112
-0.000167
-0.000138
0.000003
0.000027
-0.237457
-0.000057
0.000525
-0.000041
0.000079
0.000194
-0.000002
0.000167
0.000223
0.000024
-0.000022
-0.000807
0.000243
-0.000020
-0.000147
-0.000551
-0.001092
-0.000944
0.000197
0.000246
0.000177
0.000895
-0.000469
-0.000027
0.000145
0.000028
0.000035
-0.000061
0.000963
0.000076
0.000021
0.000911
0.000814
0.000017
0.000066
-0.000011
0.000005
-0.000071
0.000408
0.000073
0.000017
-0.000423
0.000101
0.000008
0.000019
-0.000447
-0.000432
-0.000361
0.000045
0.000086
-0.000060
0.000071
-0.000535
-0.000110
-0.000042
0.000024
-0.000140
0.000007
-0.000060
-0.000059
0.000080
-0.000340
-0.000245
-0.000065
-0.000029
-0.000043
-0.000091
-0.000183
0.000396
-0.000076
0.000043
-0.001821
0.000553
-0.000014
-0.000161
0.000441
-0.000360
-0.000393
-0.000023
-0.000006
0.000756
0.001599
0.000241
-0.000087
-0.000067
0.000018
0.000277
-0.000735
0.000863
-0.000290
-0.000158
0.000793
0.000468
-0.000029
0.000011
-0.000166
-0.000001
-0.000392
-0.000087
-0.000063
0.000186
-0.000449
-0.000665
-0.000104
-0.000258
-0.000271
-0.001296
-0.000337
-0.000210
-0.000197
0.000599
0.001709
-0.000194
-0.000200
-0.000109
-0.000174
-0.000166
0.000949
0.001097
-0.000272
-0.000172
0.000275
-0.000011
-0.000004
0.000021
0.000119
0.000070
-0.000046
-0.000106
-0.000059
0.000275
0.000248
-0.000070
-0.000001
-0.000023
-0.000226
0.000397
0.000495
0.000070
0.000089
0.000191
-0.001059
0.000307
-0.000075
0.000027
-0.000057
0.000132
-0.000645
-0.000611
0.000239
0.000037
-0.000466
0.000344
-0.000054
-0.000038
-0.000039
-0.000035
0.000011
0.000002
-0.000098
-0.000410
-0.000578
-0.000633
-0.000014
-0.000257
-0.000032
0.001653
-0.000168
-0.000071
-0.000023
-0.000040
0.000931
0.000856
-0.000350
0.000000
-0.000081
-0.000179
-0.000321
0.000426
-0.000286
-0.000049
0.001414
0.000246
0.000001
-0.000038
0.000043
0.000021
0.000066
-0.000258
0.000014
0.000264
0.000359
-0.000017
0.000006
0.000040
-0.000806
-0.001161
0.000165
-0.000026
-0.000010
0.000139
-0.000229
0.000096
0.000084
0.000039
0.000114
-0.000304
-0.001232
0.000799
0.000166
0.000004
0.000764
0.000907
0.000022
0.000060
0.000089
0.000019
0.000103
-0.000318
0.000025
0.000117
0.000525
0.000009
0.000008
0.000030
-0.000247
-0.003667
-0.001057
0.000021
0.000166
0.001180
0.000626
-0.000292
0.000229
0.000052
0.000063
0.000229
-0.000662
0.000776
0.000149
0.000078
-0.000262
0.000149
-0.000013
-0.000023
0.000018
0.000040
-0.000015
-0.000237
0.000079
-0.000026
0.000034
0.000429
-0.000020
-0.000160
-0.000330
-0.000860
0.000199
0.000025
-0.000067
0.001254
-0.000994
-0.000357
-0.000003
-0.000058
0.000080
0.000224
0.000130
0.000794
0.000011
-0.000044
0.000107
0.000220
-0.000022
-0.000029
0.000002
-0.000078
0.000199
0.000441
-0.000031
0.000083
-0.000037
0.000171
0.000001
-0.000037
-0.000165
-0.000253
0.000450
0.000079
0.000060
-0.000319
-0.002300
-0.000659
-0.000001
0.000008
-0.000001
0.000124
0.001272
0.000643
-0.000021
0.000089
-0.000088
-0.000054
-0.000051
0.000050
0.000071
0.000014
-0.000082
-0.000207
-0.000028
-0.000114
0.000078
0.000613
-0.000018
0.000201
0.000641
0.000684
0.000077
0.000013
-0.000131
0.000005
-0.000648
0.000031
0.000168
0.000013
-0.000228
0.000072
-0.000986
-0.000512
0.000394
0.000021
0.000840
0.000612
-0.000045
0.000069
0.000080
0.000022
-0.000004
0.000402
0.000073
0.000101
0.000356
0.000246
-0.000061
0.000161
0.000111
-0.000660
-0.000026
0.000071
0.000021
-0.000046
-0.001005
-0.000498
0.000106
0.000030
0.000228
-0.000338
-0.001462
0.000432
0.000114
0.000071
0.001255
0.000020
-0.000020
-0.000039
0.000046
0.000029
0.000020
0.000813
-0.000086
0.000033
-0.000588
0.002502
-0.000063
-0.000075
-0.000181
-0.001346
0.000419
-0.000058
-0.000122
-0.000220
-0.001926
-0.000707
-0.000047
-0.000025
-0.000017
-0.000251
0.000870
0.000003
-0.000147
-0.000095
0.000276
0.000168
-0.000003
0.000059
-0.000097
0.000036
-0.000209
-0.000130
0.000064
0.000091
0.000199
0.000026
0.000010
0.000118
0.000162
-0.000730
0.000236
0.000034
0.000040
0.000277
0.000442
-0.000050
0.000032
0.000002
-0.000011
0.000088
-0.001098
-0.000095
0.000029
0.000032
0.000812
0.000026
-0.000039
0.000010
0.000095
0.000013
0.000072
0.000035
0.000029
-0.000230
-0.000442
0.000065
-0.000014
-0.000114
-0.000568
-0.000149
-0.000437
0.000002
-0.000215
0.000319
0.001362
-0.000289
-0.000117
-0.000002
0.000061
0.000029
-0.000352
0.000177
-0.000036
-0.000103
0.001005
0.000710
0.000025
-0.000004
-0.000072
-0.000008
-0.000011
0.000060
-0.000010
-0.000075
0.000405
0.000204
-0.000046
-0.000036
0.000604
0.000172
0.000235
-0.000045
-0.000109
-0.000839
-0.000876
0.000144
0.000095
0.000102
0.000069
-0.000352
-0.001661
0.000321
0.000029
-0.000037
-0.000758
-0.000548
-0.000022
-0.000108
-0.000079
0.000033
-0.000336
-0.000262
-0.000038
0.000031
-0.000187
-0.000277
-0.000030
-0.000067
0.000552
0.001750
0.000748
-0.000016
0.000053
0.000583
-0.000038
-0.000011
-0.000251
-0.000008
0.000003
0.000162
0.000873
-0.001427
-0.000233
-0.000091
0.000880
-0.000437
-0.000035
-0.000021
-0.000021
-0.000029
0.000010
0.000621
0.000022
-0.000013
-0.001350
0.000726
0.000006
-0.000112
0.000019
0.000872
-0.001063
-0.000020
-0.000065
0.000348
0.000656
0.000293
-0.000155
-0.000062
-0.000206
0.000472
-0.000720
-0.000569
-0.000050
0.000001
-0.000116
0.000228
0.000014
0.000046
0.000232
-0.000092
-0.000096
0.000290
-0.000078
-0.000098
0.000314
-0.000017
-0.000010
-0.000029
0.000468
0.000439
0.000522
0.000031
0.000104
-0.000592
-0.000851
0.000252
-0.000125
0.000131
-0.000044
-0.000024
0.000145
-0.000909
-0.000054
-0.000079
0.000818
0.000076
-0.000005
-0.000074
-0.000069
-0.000121
-0.000161
-0.000030
0.000003
-0.000076
-0.000004
0.000030
-0.000018
-0.000108
-0.000067
-0.000256
-0.000157
-0.000081
-0.000200
-0.000285
0.000844
0.000008
-0.000090
-0.000042
-0.000070
-0.000220
0.001283
-0.000853
-0.000058
-0.000020
-0.001224
-0.000035
0.000006
0.000032
0.000115
-0.000009
0.000090
0.000085
0.000006
-0.000014
0.000017
0.000359
-0.000044
0.000026
0.000210
0.000783
0.000279
0.000025
0.000015
-0.000307
-0.000869
0.000151
0.000157
-0.000059
-0.000050
0.000010
0.000665
-0.000600
0.000130
0.000050
-0.000195
0.000546
0.000037
0.000012
-0.000049
0.000035
-0.000023
-0.000150
-0.000063
-0.000027
0.001758
0.001244
0.000033
0.000027
-0.000062
-0.001128
0.000231
-0.000008
-0.000114
-0.000035
0.000983
-0.000748
0.000112
0.000040
-0.000122
-0.000332
-0.001203
-0.000658
-0.000005
-0.000137
0.000915
-0.001426
-0.000071
-0.000114
0.000062
0.000025
-0.000047
-0.000074
-0.000030
-0.000007
-0.000052
-0.000428
-0.000017
-0.000118
0.000207
0.000665
0.000339
-0.000111
-0.000169
-0.000170
0.000519
-0.000334
-0.000062
-0.000131
-0.000138
-0.000219
0.000251
0.000790
-0.000021
-0.000032
-0.000279
0.000320
0.000022
0.000106
0.000058
0.000065
0.000111
0.000081
0.000048
0.000104
0.000208
0.000297
0.000025
-0.000068
-0.000639
0.000137
0.000029
0.000043
0.000090
0.000552
-0.000665
-0.000244
0.000209
0.000066
0.000129
0.000009
-0.000028
-0.001087
0.000155
0.000145
-0.000765
0.000114
-0.000008
-0.000033
0.000101
-0.000037
-0.000166
-0.000276
0.000086
0.000086
-0.000602
-0.000168
0.000008
0.000028
0.000236
0.000714
-0.000312
-0.000011
-0.000047
-0.000033
0.000164
-0.000047
0.000025
-0.000041
0.000043
-0.000058
0.001024
-0.000042
0.000015
-0.000000
-0.000094
-0.000073
0.000011
0.000023
-0.000036
0.000030
-0.000016
-0.000068
0.000026
-0.000035
0.000358
-0.000532
-0.000001
-0.000010
-0.000152
-0.000271
0.000397
0.000071
0.000147
-0.000038
-0.000312
-0.000079
0.000202
-0.000029
0.000057
0.000122
0.000819
-0.000531
0.000019
-0.000003
-0.000564
-0.000438
-0.000004
-0.000079
-0.000144
-0.000057
0.000010
0.000031
-0.000026
-0.000097
0.000940
0.003076
0.000009
-0.000049
-0.000177
-0.000699
0.000855
-0.000107
-0.000107
-0.000260
-0.000797
-0.000465
-0.000097
-0.000035
-0.000164
-0.000107
0.000398
-0.000658
-0.000137
-0.000052
0.000018
-0.000051
-0.000037
-0.000043
-0.000025
-0.000058
-0.000011
0.000356
0.000026
0.000054
0.001718
-0.000308
-0.000040
-0.000089
-0.000463
0.001345
-0.000252
-0.000090
-0.000341
0.000167
-0.000278
-0.001163
-0.000155
-0.000083
-0.000130
-0.000227
0.000459
-0.000177
-0.000069
-0.000053
0.001378
-0.000208
-0.000051
-0.000030
0.000013
-0.000035
-0.000163
-0.000220
-0.000054
-0.000026
0.000031
-0.000224
0.000005
0.000010
0.000360
0.000369
-0.000663
-0.000059
0.000061
-0.000470
0.001161
-0.000074
-0.000299
-0.000055
0.000076
-0.000060
0.000149
-0.000696
-0.000183
-0.000044
-0.000898
-0.000372
0.000017
-0.000003
-0.000033
0.000001
-0.000093
-0.000116
-0.000102
-0.000161
0.000064
-0.000075
-0.000020
-0.000155
0.000478
0.000245
-0.000157
-0.000062
0.000041
-0.000461
0.002048
0.000300
-0.000010
-0.000052
0.000169
-0.000177
-0.000444
0.000017
0.000005
0.000005
-0.447851
-0.000145
0.000650
-0.000005
0.000012
0.000036
0.000008
-0.000041
0.000046
0.000071
0.000027
0.000117
-0.000045
-0.000006
0.000093
0.000006
0.000134
0.000139
0.000010
0.000006
-0.000180
-0.001204
0.000022
0.000053
-0.000010
-0.000020
-0.000027
0.000137
-0.000037
0.000084
0.000073
0.000178
-0.000020
0.000006
-0.000028
-0.000037
0.000028
-0.000019
-0.000035
-0.000012
0.000002
-0.000172
-0.000137
0.000002
0.000020
0.000064
-0.000013
-0.000194
-0.000008
0.000003
-0.000237
0.000981
-0.000064
-0.000034
0.000009
-0.000052
-0.000046
-0.000040
-0.000115
-0.000016
-0.000017
-0.000505
-0.000459
0.000005
0.000002
0.000009
0.000005
0.000036
0.000068
0.000004
0.000025
-0.000031
0.000161
-0.000002
0.000037
0.000267
0.000530
-0.000042
0.000014
0.000059
-0.000453
0.000338
0.000291
0.000059
-0.000009
0.000073
0.000075
0.000039
-0.000610
0.000012
0.000002
-0.000647
-0.000019
0.000006
0.000043
0.000014
0.000009
0.000047
0.000129
-0.000005
0.000030
-0.000380
0.000199
-0.000002
0.000008
0.000052
-0.000291
-0.000293
0.000033
0.000015
-0.000301
0.000352
0.000072
0.000001
0.000007
0.000068
0.000038
0.000499
0.000275
0.000027
0.000014
-0.000359
0.000114
0.000004
0.000012
-0.000018
-0.000011
-0.000060
-0.000052
-0.000002
0.000020
0.000082
0.000011
0.000001
0.000017
0.000044
0.000033
0.000059
0.000024
0.000045
0.000066
0.000562
0.000052
0.000018
0.000016
0.000027
0.000073
-0.000627
-0.000280
0.000076
0.000054
-0.000177
0.000612
0.000004
0.000023
0.000013
-0.000002
0.000006
-0.000039
0.000001
-0.000024
0.000007
0.000152
-0.000004
-0.000060
-0.000064
0.000205
0.000112
0.000033
0.000007
-0.000125
-0.000153
-0.000105
-0.000055
0.000025
-0.000013
-0.000051
-0.000272
-0.000049
-0.000030
0.000025
0.000146
-0.000064
-0.000010
-0.000013
-0.000035
-0.000020
-0.000016
-0.000126
-0.000001
-0.000031
-0.000338
-0.000330
0.000004
-0.000024
-0.000110
-0.000479
-0.000397
0.000008
-0.000016
0.000228
0.001730
-0.000003
-0.000050
-0.000016
-0.000025
-0.000144
-0.000117
0.000263
0.000003
-0.000016
-0.000366
-0.000639
-0.000004
0.000008
0.000037
0.000011
-0.000035
-0.000106
-0.000013
-0.000031
0.000241
0.000370
-0.000008
-0.000002
-0.000019
0.000302
0.000135
0.000011
0.000007
-0.000162
0.000536
0.000042
0.000026
-0.000005
-0.000013
0.000032
-0.000131
-0.000272
0.000051
-0.000002
-0.000045
-0.000048
-0.000000
0.000013
0.000012
-0.000024
0.000027
0.000055
-0.000004
0.000019
0.000034
0.000070
0.000004
-0.000017
0.000022
0.000067
0.000031
-0.000015
-0.000028
0.000035
-0.000415
-0.000046
-0.000012
-0.000023
-0.000061
-0.000002
0.000099
0.000248
0.000003
0.000002
-0.000399
0.000072
0.000002
0.000003
0.000055
-0.000012
0.000053
0.000119
0.000021
0.000042
0.000081
0.000224
0.000005
0.000019
0.000139
0.000154
0.000145
0.000013
0.000024
-0.000147
-0.000052
0.000097
0.000024
-0.000006
0.000024
0.000097
-0.000386
-0.000449
0.000014
0.000023
-0.000213
0.000321
-0.000008
0.000028
0.000002
-0.000021
-0.000024
-0.000085
0.000046
-0.000010
-0.000042
-0.000148
-0.000003
0.000043
0.000172
0.000023
0.000018
0.000019
0.000006
-0.000164
0.000544
0.000163
0.000012
-0.000001
0.000039
0.000006
-0.000435
-0.000386
0.000075
0.000020
0.000720
-0.000353
-0.000008
-0.000003
-0.000017
0.000009
-0.000037
-0.000046
-0.000001
0.000022
-0.000575
-0.000556
-0.000010
0.000028
0.000160
-0.000067
-0.000564
0.000003
0.000006
0.000128
0.001144
0.000031
-0.000007
0.000004
-0.000001
0.000041
-0.000250
0.000205
0.000022
-0.000028
0.000132
-0.000224
-0.000019
-0.000016
-0.000027
0.000000
-0.000032
0.000063
-0.000027
-0.000020
-0.000240
-0.000319
-0.000040
-0.000019
-0.000018
0.000168
-0.000209
-0.000036
0.000010
0.000222
0.000289
0.000055
-0.000020
0.000001
-0.000023
-0.000050
-0.000001
0.000431
-0.000010
-0.000022
-0.000009
-0.000107
-0.000004
-0.000022
-0.000009
-0.000013
0.000007
0.000036
-0.000012
0.000017
-0.000116
0.000157
-0.000007
0.000001
0.000134
0.000123
-0.000046
-0.000018
-0.000028
-0.000373
0.000453
0.000117
-0.000004
-0.000018
-0.000009
0.000104
-0.000127
-0.000252
0.000022
0.000004
0.000083
0.000104
0.000005
0.000027
0.000041
0.000009
0.000048
0.000076
0.000023
0.000024
0.000152
0.000112
0.000011
0.000035
0.000045
0.000195
0.000118
0.000029
0.000036
-0.000412
-0.000204
0.000082
0.000026
0.000008
0.000027
0.000060
0.000002
-0.000797
0.000023
0.000013
0.000024
0.000170
0.000004
0.000003
-0.000046
0.000005
0.000003
-0.000134
0.000031
0.000019
-0.000086
-0.000325
-0.000000
0.000038
0.000000
-0.000202
-0.000013
0.000006
0.000014
0.000129
0.001612
0.000043
0.000021
0.000013
-0.000023
-0.000263
-0.000802
-0.000308
0.000044
0.000026
0.000469
0.000050
-0.000004
-0.000014
-0.000005
0.000002
0.000007
0.000028
-0.000019
-0.000020
0.000047
-0.000187
-0.000003
-0.000019
-0.000199
-0.000304
0.000279
-0.000004
0.000016
-0.000157
0.000286
0.000024
0.000020
0.000018
0.000004
0.000089
-0.000193
-0.000254
0.000041
0.000003
-0.000286
0.000120
0.000012
0.000019
0.000028
-0.000003
0.000003
-0.000034
0.000029
0.000039
0.000281
-0.000090
0.000015
0.000041
-0.000015
0.000213
0.000493
0.000034
0.000012
-0.000149
-0.000376
-0.000032
0.000039
0.000017
0.000056
-0.000005
-0.000270
-0.000265
0.000034
0.000042
-0.000112
0.000036
0.000000
0.000017
0.000053
0.000012
0.000010
-0.000063
0.000012
0.000019
0.000021
-0.000162
0.000001
0.000034
-0.000061
0.000073
0.000000
0.000014
0.000009
-0.000037
0.000622
-0.000020
-0.000017
0.000016
0.000012
-0.000148
-0.000388
-0.000023
0.000035
0.000036
0.000408
0.000034
-0.000002
0.000018
0.000049
0.000000
0.000007
0.000093
0.000010
-0.000011
0.000063
0.000126
-0.000008
0.000023
0.000045
0.000102
0.000046
0.000006
0.000034
-0.000195
-0.000197
0.000041
0.000039
0.000005
0.000028
0.000037
-0.000192
-0.000631
0.000005
0.000015
0.000089
-0.000034
-0.000000
-0.000010
0.000011
0.000013
0.000001
-0.000044
0.000011
-0.000007
0.000020
-0.000194
0.000001
0.000029
0.000026
-0.000121
-0.000039
-0.000001
0.000012
-0.000033
-0.000047
0.000084
0.000023
-0.000005
0.000011
0.000007
0.000062
0.000129
0.000001
0.000004
-0.000161
0.000097
-0.000016
0.000008
0.000009
0.000008
0.000005
-0.000046
0.000026
0.000067
-0.000490
-0.000749
0.000007
0.000067
0.000184
-0.000057
-0.000620
0.000031
0.000036
0.000300
0.000834
0.000117
0.000102
-0.000001
0.000008
-0.000094
-0.000091
0.000262
0.000114
0.000044
0.000208
0.000430
-0.000007
0.000021
-0.000004
0.000010
0.000054
-0.000003
0.000009
0.000030
-0.000413
-0.000190
-0.000004
0.000082
0.000126
-0.001075
-0.000546
0.000003
0.000032
0.000261
0.000368
0.000122
0.000028
0.000005
0.000014
0.000075
0.000006
0.000325
0.000007
0.000027
-0.000413
0.000212
-0.000005
0.000006
-0.000007
0.000001
0.000023
-0.000026
0.000015
-0.000014
-0.000069
0.000092
0.000002
0.000030
0.000008
-0.000624
-0.000050
0.000017
0.000025
0.000319
0.000301
-0.000163
0.000044
0.000009
0.000008
0.000063
0.000166
-0.000006
0.000026
0.000011
0.000270
0.000088
0.000004
0.000009
0.000008
0.000005
-0.000020
0.000058
0.000005
0.000020
0.000013
0.000213
-0.000008
0.000022
0.000015
0.000037
-0.000012
-0.000003
0.000011
-0.000406
0.000125
0.000019
0.000014
0.000000
-0.000038
0.000048
0.000215
-0.000728
0.000004
0.000013
-0.000279
0.000004
-0.000001
-0.000009
0.000005
-0.000000
-0.000007
0.000130
-0.000015
-0.000029
0.000028
-0.000042
0.000005
-0.000022
0.000078
0.000287
-0.000036
-0.000001
-0.000035
-0.000249
-0.000236
0.000159
-0.000008
-0.000022
-0.000041
-0.000003
0.000526
-0.000180
0.000012
-0.000017
0.000020
0.000341
0.000005
0.000030
0.000002
-0.000001
0.000027
-0.000060
0.000013
-0.000027
-0.000218
-0.000598
-0.000003
0.000001
0.000143
-0.000070
0.000029
0.000008
0.000008
-0.000068
0.000304
0.000026
0.000012
0.000013
0.000014
-0.000112
0.000124
0.000013
0.000027
-0.000000
0.000252
0.000145
0.000004
0.000009
0.000022
0.000012
0.000016
0.000083
0.000017
-0.000010
-0.000740
0.000125
0.000003
0.000026
0.000191
-0.000726
-0.000465
0.000017
0.000029
0.000067
0.000536
0.000213
0.000037
0.000006
-0.000013
0.000040
0.000016
0.000044
0.000032
0.000012
-0.000192
0.000067
0.000005
0.000010
0.000009
-0.000017
-0.000012
0.000054
0.000011
0.000007
0.000022
-0.000027
-0.000000
0.000007
0.000095
0.000178
0.000005
-0.000003
-0.000014
-0.000153
-0.000021
-0.000018
-0.000041
-0.000025
-0.000030
-0.000024
0.000239
-0.000143
-0.000004
0.000016
0.000123
0.000031
-0.000000
-0.000008
-0.000010
-0.000016
-0.000031
0.000063
-0.000007
-0.000001
0.000051
0.000070
-0.000002
-0.000004
0.000015
0.000378
0.000058
0.000002
0.000009
-0.000303
-0.000305
-0.000045
-0.000017
-0.000014
-0.000017
0.000118
0.000197
-0.000337
-0.000011
0.000013
0.938367
